function s=Glu(freq)
s.nspins=5;

s.pairs=[1,2; 1,3; 2,3;2,5; 3,5;  2,4;3,4; 4,5];

%s.pairs=[2,3;2,3';3,3';3,4';3',4';3,4;3',4;4,4'];

s.J=[7.331,4.651,-14.849,8.406,6.875,6.413,8.478,-15.915];
s.shift=[3.7433,2.0375,2.1200,2.3378,2.3520];

s.f0=freq;
