function s=Glu_test()
s.nspins=5;

s.pairs=[];

%s.pairs=[2,3;2,3';3,3';3,4';3',4';3,4;3',4;4,4'];

s.J=[];
s.shift=[3.7433,2.0375,2.1200,2.3378,2.3520];

s.f0=400e6;
