function s=pCho(freq)
%trimethylamine
s.nspins=13;
s.pairs=[1,3;1,4;2,4;2,3];

s.J=[2.284,7.231,2.235,7.326];
s.shift=[4.2805,4.2805,3.6410,3.6410,3.2080,3.2080,3.2080,3.2080,3.2080,3.2080,3.2080,3.2080,3.2080];


s.f0=freq;
