function s=Tau(freq)
s.nspins=4;

s.pairs=[1,3;2,3;1,4;2,4];

%s.pairs=[1,2;1',2;1,2';1',2'];

s.J=[6.742,6.403,6.464,6.792];
s.shift=[3.4206,3.4206,3.2459,3.2459];

s.f0=freq;
