function s=Ala(freq)
s.nspins=4;

s.pairs=[1,2;1,3;1,4;2,3;2,4;3,4];

s.J=[7.234,7.234,7.234,-14.366,-14.366,-14.366];
s.shift=[3.7746,1.4667,1.4667,1.4667];

s.f0=freq;
