function s=Asp(freq)
s.nspins=3;

s.pairs=[1,2;1,3;2,3];

s.J=[3.647,9.107,-17.426];
s.shift=[3.8914,2.8011,2.6533];

s.f0=freq;
