function s=Gln(freq)
s.nspins=5;
s.pairs=[1,2;1,3;2,3;2,4;2,5;3,4;3,5;4,5];
s.J    =[5.847,6.5,-14.504,9.165,6.347,6.324,9.209,-15.371];
s.shift=[3.753,2.129,2.109,2.432,2.454];

s.f0=freq;
