function s=Ins(freq)
s.nspins=6;

s.pairs=[1,2;1,6;2,3;3,4;4,5;5,6];

s.J=[2.889,9.998,3.006,9.997,9.485,9.482];
s.shift=[3.5217,4.0538,3.5217,3.6144,3.2690,3.6144];

s.f0=freq;
