function s=Lac(freq)
s.nspins=4;

s.pairs=[1,2; 1,3; 1,4];

%s.pairs=[2,3;2,3';3,3';3,4';3',4';3,4;3',4;4,4'];

s.J=[6.933,6.933,6.933];
s.shift=[4.0974,1.3142,1.3142,1.3142];

s.f0=freq;
