function s=NAA(freq)
s.nspins=6;

s.pairs=[4,5;4,6;5,6];

s.J=[3.861,9.821,-15.592];
s.shift=[2.008,2.008,2.008,4.3817,2.6727,2.4863];

s.f0=freq;
